65
75
73
68
82
108
120
122
141
164
179
186
193
197
195
174
136
98
77
58
40
35
37
40
40
40
37
40
44
47
54
58
54
51
56
58
61
61
56
58
68
65
61
68
73
75
77
73
73
87
84
70
77
89
82
80
91
84
75
94
117
129
136
129
110
103
98
89
89
96
89
82
89
87
61
58
202
527
866
942
640
171
-89
-75
-23
-21
-7
9
16
28
40
44
51
58
68
73
80
94
103
101
115
143
153
162
188
200
197
202
209
202
181
150
110
73
58
51
40
44
56
49
47
51
47
44
56
63
61
63
68
63
70
80
75
70
73
68
68
77
82
82
84
80
77
84
91
84
77
77
80
84
84
77
94
117
122
122
127
113
89
80
84
91
96
94
84
82
80
54
61
245
610
916
878
499
84
-94
-77
-44
-28
-4
11
21
30
37
44
56
63
65
65
77
94
106
113
124
143
155
171
197
212
207
204
209
193
160
122
84
54
37
35
32
25
21
23
30
30
32
42
47
44
40
44
47
51
51
49
49
51
56
54
47
49
63
56
44
54
63
51
35
42
61
56
44
49
56
56
58
73
91
108
115
106
87
70
63
65
70
70
70
65
63
63
40
49
242
612
923
914
537
84
-106
-73
-42
-42
-16
2
4
7
16
23
32
44
49
54
65
70
75
94
113
124
141
157
174
181
179
181
190
188
155
113
77
56
44
40
32
21
14
25
37
35
32
40
44
44
49
51
54
56
54
54
58
58
58
58
63
68
68
68
65
58
58
63
68
70
70
70
70
73
70
68
70
87
120
136
122
101
91
82
70
70
80
80
75
75
80
75
44
68
282
666
965
909
487
51
-94
-61
-47
-35
-7
-7
-14
2
16
23
35
37
35
49
65
70
80
89
98
117
139
150
164
174
183
193
186
169
150
115
75
51
44
37
32
32
35
40
37
40
49
49
42
51
58
54
54
61
58
54
56
61
63
61
58
58
63
65
70
68
63
68
80
77
70
70
73
68
70
73
70
77
106
127
122
101
87
82
77
70
73
80
70
61
68
63
35
68
294
664
932
864
457
32
-106
-61
-37
-32
-9
0
2
18
32
37
42
49
49
54
65
80
87
96
115
129
141
160
176
186
188
190
195
183
153
115
80
56
42
32
30
28
28
30
35
47
51
47
40
40
42
51
54
56
56
49
44
51
58
58
63
63
58
56
58
58
58
63
63
61
63
63
56
54
56
65
87
108
117
113
101
87
75
70
65
70
75
77
70
70
65
37
70
301
666
923
843
428
9
-113
-61
-40
-35
-9
0
4
18
28
32
37
47
56
58
61
73
84
87
98
122
146
160
169
179
190
200
200
176
141
108
80
56
42
37
30
23
28
35
37
42
47
47
44
54
63
65
54
49
56
63
61
61
63
65
63
61
65
70
73
73
73
73
80
82
73
63
70
77
73
75
96
122
134
127
108
96
91
84
82
80
82
89
84
73
61
47
103
348
716
935
782
346
-18
-101
-44
-21
-14
4
21
30
32
42
51
58
68
82
84
82
91
108
127
146
160
167
179
195
212
209
204
214
207
164
120
94
70
42
32
40
44
42
44
51
56
61
63
63
70
70
68
77
75
61
65
80
75
73
75
68
61
70
82
80
73
68
65
70
84
87
73
63
68
77
94
113
124
129
113
87
75
77
82
87
84
82
87
89
70
44
122
402
768
930
713
275
-42
-101
-58
-40
-21
2
11
16
28
40
47
51
51
58
75
82
89
103
110
120
141
162
179
193
204
209
207
202
179
139
98
63
35
16
11
14
11
11
16
18
21
25
32
37
40
37
37
44
49
49
42
40
47
44
40
42
44
47
47
47
49
49
44
47
56
51
42
47
51
42
40
54
73
98
113
98
73
61
58
49
42
51
58
56
58
58
42
16
80
348
732
947
782
329
-42
-122
-75
-58
-44
-23
-18
-9
2
2
4
16
25
40
47
47
58
77
87
96
113
131
143
155
169
179
181
181
171
141
103
68
42
23
14
18
21
18
23
28
30
37
42
40
42
49
44
42
47
47
51
56
54
51
54
51
47
44
47
51
56
56
54
51
56
58
56
54
56
54
56
58
63
80
106
122
113
91
73
68
56
51
61
61
58
63
63
47
25
101
374
751
956
775
310
-44
-106
-58
-47
-32
-9
2
4
11
18
25
30
42
51
63
73
73
77
98
117
124
146
171
181
176
183
200
204
181
143
108
82
61
47
37
28
25
32
32
30
44
47
42
44
47
44
49
54
58
58
56
58
63
63
61
63
65
68
65
65
65
65
70
73
75
77
77
77
80
75
68
77
91
106
124
134
120
96
84
84
77
75
89
94
91
91
77
47
63
230
560
874
892
539
106
-84
-58
-25
-30
-9
18
25
28
40
56
61
56
63
65
68
82
98
115
127
136
155
176
183
186
197
216
219
200
169
131
94
65
44
35
37
35
28
23
30
40
49
47
40
44
58
61
51
56
65
58
54
61
61
54
54
61
68
63
58
58
63
63
61
63
65
61
61
70
68
58
61
80
106
115
101
75
63
61
63
68
68
61
63
65
58
49
32
61
254
612
885
826
442
28
-134
-94
-56
-49
-21
-2
-4
2
18
23
30
40
37
42
58
68
70
84
106
124
134
143
160
176
181
186
190
179
146
108
73
44
28
18
14
14
14
14
25
35
25
23
37
37
30
30
37
42
44
42
35
35
40
44
51
51
47
49
44
37
47
58
56
54
54
47
49
54
51
54
51
49
63
98
120
110
91
82
65
54
54
58
61
63
68
68
58
37
30
153
461
817
947
683
204
-89
-98
-61
-61
-32
-9
-9
2
16
16
16
30
40
40
49
58
61
63
80
103
120
131
146
160
164
169
176
174
157
124
94
70
47
28
18
16
23
23
21
25
32
37
32
30
32
32
30
32
42
47
44
40
42
47
49
49
49
51
58
63
68
68
56
51
61
63
58
63
68
63
61
63
70
89
117
127
117
101
87
80
68
58
65
75
75
70
68
54
30
87
327
692
935
817
391
16
-89
-63
-51
-25
2
7
9
21
32
42
49
54
58
54
65
84
89
94
117
134
139
160
183
190
188
197
204
183
146
120
94
63
44
42
37
32
40
44
40
42
49
47
47
51
56
58
54
51
54
61
70
73
58
51
61
63
61
63
70
73
77
75
73
70
68
70
73
73
70
73
84
98
117
129
120
96
82
80
75
77
84
82
77
80
82
58
58
207
532
852
892
570
136
-89
-91
-56
-47
-18
11
16
16
30
44
47
44
51
68
75
73
84
101
113
124
143
164
176
181
190
202
197
183
162
120
73
44
28
18
11
4
4
14
18
18
21
25
30
25
23
32
35
28
32
37
30
28
37
37
35
37
42
40
37
37
42
44
44
42
40
44
51
47
42
44
37
35
56
82
98
101
87
63
49
47
44
42
47
47
44
49
44
16
42
256
629
902
829
424
9
-139
-96
-63
-61
-37
-21
-18
-11
0
4
14
28
40
42
44
51
58
70
87
106
120
136
150
153
157
171
171
155
131
96
61
40
28
21
16
16
18
16
4
7
23
30
25
25
30
35
35
32
37
37
32
32
42
37
30
32
44
54
54
44
40
42
44
42
44
49
49
51
58
61
49
51
80
108
115
98
80
70
65
61
58
61
61
56
61
68
51
18
75
334
709
930
782
339
-32
-108
-61
-58
-49
-16
-9
-11
2
18
25
21
23
37
51
56
61
73
87
98
113
129
139
146
162
176
179
174
160
139
103
58
25
14
9
4
4
7
16
21
28
35
40
35
35
32
30
37
47
42
40
44
49
54
54
56
58
54
56
58
56
65
75
73
68
65
63
68
75
73
70
68
75
96
120
131
127
110
96
89
73
70
87
89
82
80
77
58
44
127
405
768
935
730
292
-44
-113
-63
-37
-18
7
21
21
18
25
49
54
51
65
75
82
91
106
120
134
143
155
174
186
188
195
209
207
188
157
115
77
61
42
25
37
47
40
40
44
47
51
49
47
51
56
58
63
65
63
63
63
58
58
63
70
73
70
61
63
75
73
65
65
68
68
68
63
54
49
56
75
94
113
117
101
75
58
58
63
68
70
70
73
70
54
23
61
292
654
895
791
391
2
-127
-84
-58
-49
-23
-7
0
7
18
21
25
35
47
51
56
70
82
89
98
120
136
150
164
176
181
183
181
160
127
96
65
35
14
9
11
7
2
4
4
2
4
11
14
18
28
28
18
21
28
35
32
23
21
32
37
32
30
32
37
42
40
37
42
42
37
42
49
47
47
44
37
47
75
103
115
98
70
61
65
63
56
54
51
56
65
61
32
14
122
433
801
947
702
230
-82
-103
-56
-54
-40
-21
-21
-9
7
9
7
16
28
37
47
54
61
70
87
103
110
122
141
155
164
174
176
171
153
120
87
56
32
21
14
14
16
16
23
32
23
14
25
37
30
25
37
44
40
35
42
49
47
49
58
58
40
32
47
58
51
47
54
58
58
56
56
58
58
56
51
58
75
98
117
113
94
70
58
58
56
56
65
73
70
68
58
35
54
242
598
909
899
513
61
-115
-73
-44
-40
-14
-2
-2
16
32
30
30
42
54
63
68
70
75
91
115
136
153
162
174
179
179
183
188
176
155
124
96
70
49
40
37
30
32
42
47
44
47
51
54
58
65
73
63
42
42
61
61
63
68
61
56
70
80
70
63
68
68
63
68
73
77
73
75
82
70
63
82
106
122
122
101
84
89
89
80
82
91
91
82
77
68
47
77
280
643
930
859
442
40
-96
-73
-51
-30
0
4
4
23
37
47
51
49
49
65
80
89
98
108
120
127
146
174
188
197
214
212
197
181
148
101
65
44
28
21
18
21
21
16
18
28
30
30
35
35
40
44
44
47
54
49
35
35
42
44
47
49
47
44
54
54
51
49
44
42
44
42
37
37
35
35
51
77
96
94
73
61
56
42
37
47
47
42
47
51
37
4
11
179
525
857
895
548
91
-129
-108
-70
-73
-51
-28
-23
-11
0
4
7
14
23
32
40
47
56
75
91
101
120
136
143
155
174
181
176
167
143
106
65
37
21
11
7
7
11
18
18
18
21
25
28
23
28
35
28
28
40
42
37
37
40
42
44
37
37
44
44
47
54
44
32
49
61
51
42
44
44
51
80
113
117
94
73
63
61
63
65
63
61
61
56
54
56
35
23
169
515
871
947
629
148
-113
-98
-54
-54
-35
-18
-14
2
11
11
16
25
37
49
51
54
65
80
91
110
129
139
150
171
183
181
181
179
157
115
75
44
25
18
18
16
18
21
23
25
28
32
42
42
44
47
40
32
35
42
44
47
49
47
47
54
56
49
47
54
61
56
51
49
49
61
70
61
51
51
51
65
101
129
120
91
80
75
65
63
68
75
80
77
75
73
65
37
77
306
676
940
852
424
4
-108
-51
-35
-35
-16
-4
0
16
35
37
40
54
63
54
61
89
96
96
106
124
148
171
181
195
207
204
202
193
153
108
80
61
42
32
28
30
40
42
32
35
44
44
51
63
51
37
51
68
61
58
68
63
49
61
77
73
61
58
65
70
73
75
73
68
68
68
73
77
73
63
63
87
113
127
120
103
87
75
75
82
84
82
77
75
70
61
44
113
384
758
942
742
303
-18
-89
-61
-44
-32
-14
0
7
16
28
35
42
56
68
73
73
80
91
108
122
139
160
181
195
197
197
204
200
179
136
94
68
47
28
16
14
16
21
23
16
14
23
35
35
32
32
37
42
42
44
40
35
40
42
42
42
42
40
42
42
37
40
35
28
35
44
49
54
44
30
25
30
47
68
87
91
84
73
56
47
44
47
49
51
54
54
51
28
9
108
395
765
947
735
263
-73
-110
-61
-61
-47
-21
-18
-11
0
-2
4
23
30
32
37
51
65
75
84
103
115
127
148
164
167
174
181
179
155
124
91
63
40
25
21
21
25
28
18
9
9
18
21
23
25
28
28
32
37
37
42
44
44
47
47
40
42
56
58
44
44
56
54
49
58
63
56
51
56
58
58
56
54
63
87
101
106
108
94
75
63
56
54
63
68
65
65
68
56
30
70
289
652
932
864
440
16
-115
-70
-49
-42
-16
-9
-14
-7
4
11
14
21
32
40
47
56
70
80
89
108
124
134
150
169
174
169
169
164
143
110
77
51
37
23
14
18
25
28
28
28
35
40
42
47
44
42
42
42
42
51
58
54
49
58
65
61
61
63
61
61
70
75
63
61
73
75
70
75
73
65
73
77
68
70
87
101
106
120
120
101
84
73
65
77
87
77
68
68
68
56
51
160
449
803
937
680
223
-70
-101
-56
-42
-18
4
7
14
28
32
35
44
51
63
68
73
87
101
113
124
136
157
171
176
190
212
216
202
171
141
113
73
44
37
30
28
30
23
21
30
37
37
37
32
32
37
44
47
49
54
44
37
47
56
51
54
63
61
49
49
56
58
58
58
51
54
61
58
56
56
54
44
47
65
84
98
106
98
89
80
65
54
61
63
56
61
70
56
32
25
146
461
812
904
624
176
-101
-120
-73
-63
-44
-18
-11
-2
9
14
18
25
23
30
44
54
61
70
77
96
120
127
139
162
169
171
176
171
148
115
77
42
23
14
9
4
9
9
4
2
4
7
9
11
14
16
18
23
30
32
32
35
32
30
32
42
42
37
40
44
40
40
40
37
42
49
49
51
56
54
51
51
49
51
61
77
94
103
101
77
49
44
51
54
54
54
51
49
51
32
25
157
475
826
928
636
164
-110
-108
-58
-61
-44
-23
-18
-7
9
11
11
18
25
28
30
47
58
63
75
89
108
129
143
153
169
174
169
164
148
120
89
58
30
16
11
11
14
16
11
4
9
23
25
21
28
35
40
40
35
37
40
37
40
42
37
40
47
51
51
54
51
51
54
61
65
65
61
56
54
54
58
58
61
70
87
106
113
110
96
77
65
70
73
68
65
68
68
68
47
28
124
421
779
932
716
259
-68
-108
-58
-44
-18
-2
-9
0
21
28
28
37
51
58
61
75
84
82
87
101
122
148
169
181
190
195
193
193
179
143
103
73
56
42
21
14
25
30
32
30
28
35
44
49
49
47
51
56
61
56
49
51
61
63
61
61
61
63
65
65
70
75
70
58
63
68
58
54
61
54
47
65
94
108
108
108
94
77
68
61
56
63
70
70
63
58
40
28
139
442
789
897
640
207
-75
-115
-75
-51
-25
-11
-4
2
11
18
25
30
37
49
63
65
68
84
94
101
122
146
157
167
183
183
183
183
160
117
80
51
28
14
9
9
4
0
7
7
4
11
16
21
28
28
25
18
18
28
30
30
35
35
30
32
35
37
40
37
32
35
44
47
40
37
42
44
47
51
56
51
51
68
91
98
89
80
65
56
56
54
56
63
68
58
49
37
18
73
308
671
921
815
381
-18
-120
-68
-51
-49
-23
-14
-14
0
11
14
21
37
56
61
51
56
75
103
108
98
117
150
164
171
183
183
176
169
150
120
80
35
18
25
28
25
25
30
37
40
35
32
35
35
37
44
51
54
44
49
56
49
54
73
87
65
40
51
73
58
47
63
70
61
73
91
98
89
54
42
58
58
65
106
139
139
122
87
56
58
65
68
77
77
70
70
68
